
1 -0.28896194891859317 -0.3306475335986623 -0.28364763911173907 -0.3096636511239747 -0.3263618007146396 -0.3363409561787708 -0.3194722354131314 -0.3419416201681596 -0.3036204940904651 -0.2996775835714374 -3.6686400000000012
2 -0.3053033325645865 -0.27451697147663945 -0.27926964526497566 -0.32509455039791846 -0.31722204046227004 -0.30666408514825844 -0.31494066879762395 -0.2664572344846557 -0.30129911956128924 -0.27085571889784904 -3.7995200000000007
3 -0.290966892855522 -0.2106471245789905 -0.22614678866092472 -0.30905742142368725 -0.3000036354753385 -0.28907579070795225 -0.19291849801400646 -0.2429064799620275 -0.27633652586151225 -0.26962165836442376 -3.5206400000000007
4 -0.27606545555040735 -0.21506953650589117 -0.24656541555925354 -0.2540950217496205 -0.30764672821888633 -0.2550185797587663 -0.19583167100263668 -0.23638574766051185 -0.2826302346254712 -0.22830443897161237 -3.35792
5 -0.22378155328378174 -0.1882326202426088 -0.19676937232629357 -0.2878122360661699 -0.2454839329828984 -0.2448515454942404 -0.2379456429115558 -0.21106777967193122 -0.22234194761966836 -0.18019403305011658 -3.3590399999999994
6 -0.23340345830545292 -0.0724345840590824 -0.18700214185475178 -0.22415047904619656 -0.27830122928590306 -0.22005533654544465 -0.18773804415157147 -0.21759093708085056 -0.16717344933675957 -0.1588482958682504 -3.9640000000000013
7 -0.1833867966713619 -0.11089085398519247 -0.12866711523157973 -0.2731843756359917 -0.21475573865406727 -0.18202521815732506 -0.18062051604110113 -0.15698883735692026 -0.1745641421026699 -0.10655350719105597 -3.7239999999999998
8 -0.15427546883757745 -0.05329585968610337 -0.07311943535786129 -0.23556165317334626 -0.23115820983455326 -0.18900627846951001 -0.1332450349707732 -0.1179730747491162 -0.1459831586401215 -0.10269497167544717 -3.5183999999999997
9 -0.13901828771851737 -0.02812209418962067 -0.08166787187060603 -0.20619392685235438 -0.1665518512279923 -0.12070337892965091 -0.15814636041127325 -0.10245466759025457 -0.09484032846266756 -0.07417806147604848 -3.5099199999999993
10 -0.10022642336958651 0.006556858150252908 -0.04146814923546566 -0.15458593671699838 -0.11953484652386617 -0.12997396595758023 -0.1180965783773064 -0.06289551704970235 -0.09766929059752726 0.0009727568618114256 -3.896480000000001
11 -0.06915582380403495 0.03398089400424825 -0.021669457175088953 -0.13709827757244242 -0.07737916509812312 -0.08203382448396465 -0.10861327277112627 -0.053545091171516415 -0.09514540785019021 0.03237155062955348 -3.598719999999999
12 -0.04248272456924095 0.08534652530256126 0.002845754412660384 -0.11525664187546264 -0.08667214552612194 -0.09131222997745879 -0.10166897341598853 -0.009020158710737068 -0.07489524294009532 0.04225523220364608 -4.071199999999998
13 -0.04356966090833532 0.08275140615367509 0.025502046467430074 -0.13347671443593773 -0.08531229631737054 -0.07707069683677334 -0.08680039954575643 0.004051994925419186 -0.015972524878666884 0.053817110497325515 -3.892960000000001
14 0.02876691897244633 0.06155067020617972 0.04850461519838731 -0.08166065489347055 0.0002595627305178841 -0.05463375378284088 -0.02342969801432231 0.05520647069041325 -0.014629884265653755 0.08666450425027857 -3.8059199999999995
15 0.020586313227950372 0.058853215016299774 0.08028090901974069 -0.011633149764988816 -0.005806675066735197 -0.002921633528733459 0.010030151223892184 0.032587812406509147 0.056578633433112084 0.11950782425105802 -4.060319999999998
16 0.05564668040700804 0.07282139162705882 0.08249381115814777 0.004620127595079456 0.02125925244234453 -0.0018470021756121931 0.005803185647362841 0.06777508316877559 0.08161282795222784 0.13861813462526382 -3.7019199999999985
17 0.10749640022636683 0.09593282492415095 0.10125544036160741 0.04088781438483315 0.04999370303153813 0.014410322867504696 0.013607948365822497 0.05521685557553175 0.08406918824173944 0.16924214709820423 -3.8849600000000004
18 0.10786671043447676 0.11886216366647329 0.11937828749075902 0.030930706716244993 0.0968689374776934 0.02903431232416621 0.04483833556676153 0.06501767209722925 0.10955662299243778 0.22274833213796 -4.30432
19 0.13089626854657455 0.1446856298665548 0.16193848338223907 0.05140717084172548 0.11281798471201593 0.0380482849303542 0.04633423506068825 0.12886570788424284 0.14799836324968377 0.2449685025300512 -4.14272
20 0.11761111844773471 0.15612817317367034 0.14720070885285177 0.10914986284206539 0.12375907991820785 0.06375880208944067 0.05777275608818045 0.1060663029602321 0.16864260433760128 0.2438306375866107 -4.341920000000001
21 0.14098116623469734 0.17307755508230413 0.1805113481748157 0.1203808925291707 0.1464557258309373 0.07596848351631641 0.061220845338813876 0.13171774335346922 0.2047678865260407 0.3138389248494446 -4.30048
22 0.14397424344381055 0.19948880103094524 0.186882329859089 0.12178517988194817 0.17346060978209832 0.09167313944011794 0.054700825985731026 0.1371376139903575 0.23009716133102348 0.33232354095063366 -4.311679999999999
23 0.1450183492218463 0.20225560667817308 0.207273161359336 0.13924383824875392 0.19835039739037696 0.10107128400218754 0.0757125027777159 0.13880622341403753 0.24296413778573575 0.41214531821413153 -4.592160000000001
24 0.16172925384594833 0.22658683683535316 0.21236792491541678 0.16910496715190818 0.19645852266290545 0.13183702526522978 0.08167354587371897 0.15447204322780303 0.26977618041295937 0.45465455276868366 -4.412480000000002
25 0.17537282181312908 0.24028344885845435 0.2226752819467005 0.1863292389071644 0.20587345857454284 0.12431540853891761 0.10917058454136593 0.1572025962904664 0.27724260995035704 0.45944432142694214 -4.37568
26 0.196923037348695 0.26826062657277683 0.23032833560851684 0.20671661482392323 0.23292813422929837 0.13660054785424033 0.10006866150229539 0.1717653113916338 0.2969573954658808 0.45951501508069414 -4.6033599999999995
27 0.20386681853071664 0.28283217708584607 0.2371999410796207 0.20719588318576448 0.24375355224404327 0.14696695983208896 0.11378544161775848 0.1727196891932466 0.3430116265335702 0.4597125745340012 -4.040160000000001
28 0.2090220441672041 0.2832455804918598 0.24768022974738235 0.20739080887149153 0.28052704027699943 0.16137201184455657 0.11698963056185378 0.18292166371563107 0.3794610076165507 0.46158919877762333 -4.264640000000001
29 0.212594656825779 0.2993999176061623 0.25868784320674587 0.20640920792170633 0.2852734223678634 0.16894246944918923 0.14086825234695413 0.1865802019967449 0.43323232422475627 0.464027482100293 95.50912000000001
30 0.21281892794495488 0.2937083276209246 0.2691987260933908 0.2355110146474242 0.292661002495996 0.16679197395167153 0.1504028484146043 0.19312640654075125 0.45517435425675296 0.46480353391292945 -4.166400000000001
31 0.23184535908551016 0.3001649667319983 0.2675082915094048 0.23605673856737308 0.3023913763712383 0.18488609472027423 0.1598645775290123 0.19739918797194403 0.4585539010436745 0.4648063348777074 -4.901280000000001
32 0.23256107372373963 0.3036471315872875 0.2720380055988044 0.24425222540521518 0.3054246413820731 0.19957154560926701 0.17048333662512585 0.20178136170491046 0.46266089474466704 0.4668164857163906 -4.471519999999999
33 0.24442224558015288 0.31576458967933174 0.2788605820257847 0.2509790910369988 0.3150743602845308 0.23660388797233872 0.17311495577097571 0.20755806337359362 0.46239694716342217 0.46648786257560737 -4.167999999999998
34 0.24756379073923268 0.32433354640908313 0.2846942003553758 0.24939168172555368 0.3223221332173755 0.21918076693144475 0.18401195360705866 0.22267623764341116 0.46172262607614956 0.46519661822988567 -4.428959999999999
35 0.2517864416522233 0.3364098384319278 0.2988181725083679 0.252849409714194 0.3429936733035343 0.24446070204903556 0.17896469332356135 0.20771820816505493 0.4622115419954526 0.4649020396435988 95.80416000000001
36 0.2510295405532649 0.33714363514316886 0.30186161221431773 0.25610914333926055 0.34238600717840983 0.2365649187410919 0.200982320200396 0.21725297805453414 0.46459996478477705 0.46491158975433006 95.58319999999999
37 0.26236255524899177 0.34457744406572266 0.3016768627033715 0.259759399387026 0.35505246583543104 0.24122152764887025 0.20053627051238182 0.20873072687800823 0.46397884580497023 0.46718896031521145 -4.2435199999999975
38 0.2674023119515661 0.35733705410446914 0.30800331223482874 0.2621979296717369 0.36692419703327467 0.26052347695006023 0.2017287718682652 0.22277731304924767 0.46231810218826835 0.46602558008304473 -4.395680000000001
39 0.2662096034808089 0.3758970942060556 0.3073927686269001 0.2659098096170521 0.38766114576412186 0.26353082335090605 0.21027470052550723 0.2260579665951604 0.4661752456544227 0.4657391680607743 -4.554719999999999
40 0.2772843959395056 0.37917921923478964 0.31876075624370026 0.26707569532829395 0.3814223135899065 0.2574984946413875 0.216214842135462 0.23351564135659025 0.4659894658738249 0.4692415858944852 95.51088
41 0.2760537246369714 0.3776801390281952 0.3182715578272222 0.2700219920194251 0.40137862161447446 0.2712802023545571 0.2178636549895299 0.24662800827816153 0.4673386496602002 0.4658226050898813 -4.583040000000001
42 0.2789564258834925 0.3852452586199595 0.32520764917202233 0.27485335997257365 0.397157250233866 0.2790923733297664 0.2128954464937911 0.2386556668946728 0.46496139215155236 0.46648055198823374 -4.56304
43 0.29244049859944904 0.38385571699241494 0.3277939060324491 0.28224874098434455 0.3988501107770154 0.29134361839381606 0.21588026331792326 0.2403423527189545 0.46548708730507876 0.46664896449448756 -4.71792
44 0.2910919637478013 0.39785502455167476 0.33384054135414754 0.28437192337057066 0.40375407262070756 0.30161067296784244 0.23369426436047175 0.2401382082590692 0.4670141476591461 0.4667358497504633 -5.1772800000000005
45 0.29375950470605466 0.395702846027482 0.34694979994669733 0.28691275522220006 0.41277798815772027 0.28896241148859253 0.21438653994103452 0.24447557738940073 0.46643945413527477 0.4693962532589738 95.77872
46 0.29361669228896276 0.39898535875386215 0.3490535202032843 0.29642968641232986 0.41265017033882867 0.2928210849761309 0.21911769073552212 0.24566083808006586 0.46583199305148204 0.47068227904709115 -4.590879999999999
47 0.29111477256690416 0.3987258261846222 0.3567075537844926 0.29823468471734177 0.41719136290994535 0.3184558527448502 0.21336979755956606 0.2707949641686581 0.46922715759929867 0.46894272117903485 -4.351040000000001
48 0.2984040715111251 0.4003678589074206 0.35225557355510967 0.2969835061309327 0.43735321702042634 0.3114397195995735 0.23812733068520364 0.2694037761012934 0.46616271525594066 0.470419455088134 -4.75472
49 0.3003555796123683 0.4041539311273849 0.355870709404826 0.2967032568227253 0.43376627467272244 0.31433336998136846 0.25392949185217945 0.2924290195258054 0.46820692431710775 0.46760381199519546 -4.75776
50 0.3039574736436878 0.40540595867722384 0.35858325588376094 0.31150944444374196 0.441694045438413 0.32354614724880965 0.22486327539171033 0.29272011935994735 0.4688612780697283 0.4664749573396385 -4.81264
51 0.30752847736846095 0.40868140874458414 0.36226435287604425 0.3225630740110896 0.44698631052048426 0.34419662403904255 0.24038098261372623 0.2988885482645273 0.4683835287501155 0.469004847525021 -4.52464
52 0.3110577532840547 0.40934151323181567 0.3654103672588713 0.3239871486964158 0.4513784736167876 0.3288273148680714 0.23171431256916725 0.2801500292973719 0.4661119462213932 0.4661654132801048 -4.463040000000001
53 0.31455387301306087 0.41496065607364013 0.36909319929351625 0.33158031088468226 0.4510693256540951 0.34471039418585525 0.2562613426556535 0.29773673404603085 0.46754064208038826 0.4666978468511862 -4.841920000000001
54 0.32045871501429274 0.4208354240731939 0.37823602090094005 0.3404495852354511 0.45459426537466413 0.34593481790696035 0.2431365534865667 0.27750343734533284 0.46715683113077344 0.4681381315564414 -5.37136
55 0.3195769991674529 0.42526858116419924 0.3786143922988125 0.35588189136293963 0.45557767105660146 0.34924163139467745 0.2511638309987046 0.3037257261214696 0.46931859551958466 0.466324354774908 94.61184
56 0.32514548329112986 0.4336677030628114 0.37807421395696883 0.3457726289554737 0.4571012078780379 0.3608074321984039 0.2604759654092888 0.28465350738713063 0.4685913433851023 0.46694204817741347 -4.62288
57 0.3265236866857491 0.43580377412198323 0.37831788085293194 0.3493391498939997 0.4625078158165887 0.3588259158385347 0.2574592210389214 0.29527338842805906 0.4714359566984426 0.46961363785201204 -4.5323199999999995
58 0.3276020774132127 0.4378588060203663 0.37542381374751177 0.3559496397208406 0.463040709963112 0.35420179123703716 0.2724114651577676 0.28851805136659836 0.46962462266381705 0.4681137155188381 -4.61872
59 0.32818909390210094 0.4461657990398622 0.38402458771809295 0.37220866399452307 0.47226787439119167 0.37682918918299774 0.2850497804654365 0.3250378634827628 0.4688915120307651 0.46442327715463394 -4.694559999999999
60 0.3283271009515736 0.44945563653507625 0.38464973131945734 0.37876458965239845 0.4741079722371683 0.35482274704069633 0.29320545948809834 0.3172635354560591 0.47073903877427353 0.47120366340403824 -4.928000000000003
61 0.32914950951304806 0.46294396845685826 0.3846214654122693 0.3776939973534333 0.4728291700598743 0.3675918854228818 0.28264631257595874 0.3141740813626315 0.4687136398969022 0.46739475110364986 -4.599359999999999
62 0.33262939162550426 0.4613504062141747 0.389345130298651 0.3863360027260725 0.4733635556164767 0.4053258382666555 0.2872042499673127 0.3396530770012828 0.4689425159497079 0.46988810284731897 95.49391999999999
63 0.3330002468174632 0.4795106889362417 0.39601938872975656 0.3965422530574325 0.4742266842368074 0.37103511022697233 0.3025576096711796 0.3318828694285659 0.4687674450265906 0.46970482423103055 -4.632959999999999
64 0.3339812253135694 0.484529923256318 0.3952017586380386 0.40904820371023914 0.4721790735290305 0.37597946943082433 0.3286571796742155 0.3586103854395602 0.4700661945857789 0.4709700978452954 95.96368000000001
65 0.3353050993516517 0.48421669899881337 0.3965340864046601 0.40346852143586726 0.47252892232236676 0.3986038272067386 0.34696690503742644 0.3823670297359987 0.46920856481210205 0.4710656707292657 -4.643999999999999
66 0.33669224794705654 0.48350778577136355 0.3962278638183877 0.4018254911253713 0.47677187617151434 0.41498938836848887 0.34905885957689187 0.36194339560145367 0.47058819526505513 0.46874463828925333 -4.6304
67 0.33689215630907154 0.4832618986262859 0.40271811582735145 0.40441312857952005 0.4743352443775419 0.4058174214801747 0.34252934331688384 0.3985688176914392 0.47182270048769115 0.4678074757243449 94.58016
68 0.3382781928094725 0.48332427907244446 0.4059076568889227 0.4087715333275254 0.4747290150200546 0.40996622739796185 0.36162199644190895 0.42715503419919776 0.47199731041914905 0.4709138047702534 -4.975360000000003
69 0.3415094973159531 0.4848947430745221 0.4048179930533319 0.41565084006580233 0.47377582962715625 0.4309242992788733 0.36164452538585434 0.40158548456802867 0.4708522199340426 0.4700482977840058 94.77008
70 0.34455011148728737 0.48568391022926927 0.4068304171069198 0.41818925481078223 0.47580311030431954 0.4339916648158576 0.422367753864319 0.4359069297822572 0.4727565341283556 0.4684081271459282 -4.68432
71 0.3449074249291312 0.48504332748324175 0.40889985017447494 0.42191699973280317 0.4758947693288682 0.4440661233972311 0.42490485017486784 0.45227520468791627 0.47234026418968045 0.4714281662183662 94.44816
72 0.3448786109307626 0.4847083565392935 0.41056855842048456 0.4216284405905902 0.4759382167653631 0.4580745473881736 0.41212935433744413 0.45265345628017817 0.46928087820019815 0.4691583615256198 95.79264
73 0.3492473817955418 0.486225501439055 0.4112551456098313 0.4246376747686237 0.47543804817932706 0.4576657824767367 0.43364627185821164 0.45427628941346987 0.47075248829539973 0.47197259164604566 -5.189600000000003
74 0.34740656053977964 0.48590519782373265 0.42445507653502806 0.4380556126131926 0.4759347801052683 0.45834178517343377 0.4507620994500514 0.4531191030892033 0.46885397171870336 0.47164033879263123 -5.2644800000000025
75 0.3556080219494551 0.4859053444977849 0.43790050304093464 0.44260776241937283 0.4757135654284034 0.4589389755549281 0.4520374828679422 0.4569404897970419 0.47237823522722905 0.47136039342189706 94.51136
76 0.3594801525415788 0.48470409887202454 0.4202185712126999 0.44835158337704606 0.4756598164985916 0.46468120528712925 0.4549129247761924 0.4609099759103141 0.46976803326969463 0.4736298084956273 95.70208000000001
77 0.3629673494685064 0.485029658679597 0.42534687972459 0.45087942023117217 0.4755095095656382 0.4625811454892737 0.4557796550793382 0.46045083301458384 0.471706008495017 0.4680523660823131 94.50576
78 0.37386858857436517 0.48463607642036 0.42806917660299076 0.44905773083052913 0.4750641436039599 0.46249364161676626 0.45772518424367675 0.4604925674801702 0.4724920855598207 0.4679953415657152 95.42175999999999
79 0.37415794954830855 0.48536833002616103 0.432434251838678 0.45376606264959035 0.47617161590055507 0.46113164712677873 0.458254416196601 0.4619791818190304 0.471085848340347 0.4696497190054639 -5.302880000000003
80 0.3792129426301858 0.4854406624478802 0.44017690173851237 0.4554619905113273 0.4760389463589436 0.4676063920383648 0.4559911299913466 0.46323351033105165 0.4697321875673352 0.47203029686675646 -5.20448
81 0.3796420108265041 0.48489214521729024 0.4398225514994042 0.45764407633439724 0.476309437512049 0.46652465550465483 0.4587969168457786 0.46122689857850313 0.47132763376607995 0.4692421331095626 -4.7504
82 0.3827228849022119 0.4851703733624799 0.4413162364483332 0.46919029958253067 0.47756324530278654 0.46933586058439597 0.4532339650045888 0.46464143498613375 0.47248542736432386 0.46969838464008445 94.48016
83 0.39237309397651704 0.48456808398900736 0.44195176674128805 0.4649381726054923 0.4757244610971405 0.46572564181670456 0.45903315277841394 0.46454481410781107 0.47061584493875425 0.47034159268678666 -4.896639999999999
84 0.40088051030560373 0.48510757656224396 0.4467805853803567 0.47053658655901104 0.47526294220596177 0.46579375307343657 0.45766421887756437 0.4643948320788675 0.4719389609074319 0.46564687677435274 -5.26208
85 0.4115350153628216 0.4847124405481259 0.4462037103055799 0.4750283089553634 0.47781424876406065 0.4732938632252651 0.4616012041669154 0.46214859233666583 0.4712415370732873 0.4717597135532978 94.80224
86 0.4105426564311179 0.48504750696558885 0.4453960125502047 0.4770125964286689 0.4770566182461488 0.4683010932882037 0.4565626810630603 0.462764764495436 0.4723856947740959 0.47215826490705487 94.80224
87 0.41648775894422757 0.48396135898372733 0.44393482404857376 0.4727982033110943 0.47776103689975996 0.47054417203940063 0.45721420516146366 0.4642733014801198 0.4715166947980791 0.47318896300661073 95.52624
88 0.4146877114070349 0.48447505237968685 0.44650209011203157 0.4786033610199735 0.4762765066541639 0.46995053273973775 0.46234277285278796 0.46211859234209646 0.47195536122740067 0.47068513965763015 95.47824
89 0.41759109922358756 0.48474153122027464 0.44973766595215803 0.4783279509569172 0.4779693302287395 0.4719861243220198 0.4598737773094107 0.4640553918741631 0.4734769776968848 0.4685856193275832 94.78751999999999
90 0.419279474053879 0.48508331839621494 0.44876211143399847 0.47614939004184526 0.4772965398603764 0.47307161340428106 0.4606679189982433 0.46439902758522783 0.4716129092830093 0.4688466098934509 95.41472
91 0.41985392808175503 0.48443616926066113 0.44804600905156616 0.48824016749332555 0.4778736962798288 0.4725355068406588 0.4603772391294938 0.46455369072847624 0.47063958635971886 0.4728203869803924 95.79408000000001
92 0.42237897870795094 0.48465762922922156 0.45025814695504973 0.47743691578134034 0.47765610007227916 0.47128697392706564 0.46140979211475774 0.4644389456129061 0.4707207305928331 0.47357052856732346 94.48016
93 0.4254376729548963 0.4846177933664007 0.4473712466896756 0.48398660946402156 0.47646813459799964 0.4696060757130117 0.4615412300165862 0.4652890835585109 0.4721118443575023 0.47295923341371265 94.87184
94 0.4275575785217894 0.48512433730616855 0.4584395270863464 0.4821333678394399 0.4779061613994623 0.4724722334140101 0.461201854622841 0.4651791136295326 0.4720057335740621 0.4723821885024997 -5.073759999999997
95 0.4385039189713337 0.4849975318104869 0.4590131002775001 0.48435741574710145 0.4780274094992121 0.47433839332594363 0.46089542809271056 0.4646582311502671 0.46984934746384754 0.473390222065107 95.58736
96 0.4421135467821101 0.4858045364364871 0.4584903743776748 0.4857339816214761 0.47777485179397966 0.47038635389342265 0.46065456956746953 0.4650582856685928 0.47225478674493115 0.4714152821979626 94.65776
97 0.4377734383121933 0.48502143539309295 0.463559858518414 0.4848373016018073 0.4780868002174103 0.4719164601057234 0.46054345423009024 0.46437488229565227 0.47016095898835586 0.4729860184770867 94.52736
98 0.4528066206851543 0.48500611039850994 0.4620082662569929 0.4855767452005846 0.4779006953475712 0.4693515491202032 0.46145234208598956 0.4637055790199172 0.4692166202699027 0.4737229697881025 94.56192
99 0.4515251376346828 0.48496935842206784 0.4638247209904558 0.4859456677938161 0.47786211273198337 0.4735145451655853 0.4599598606256766 0.4630481494469481 0.47090032997485415 0.47537424315997706 -5.134879999999998
100 0.456478024000595 0.4853437969524518 0.4647264270054133 0.4862713711126095 0.4777333168904049 0.47123665960502065 0.4617081796525708 0.46323893850380976 0.4716962280435998 0.47340001646505897 95.19568000000001
101 0.4639523816862043 0.484995010252336 0.46886126051923765 0.48586591205014357 0.47804117215775954 0.47292826637997254 0.46206728950377474 0.4652925961141586 0.47366293329053194 0.47118139812593907 95.21872
102 0.4591768474741079 0.48522979485695383 0.47319486588968096 0.4864361562002145 0.47803365484542626 0.4718743011699238 0.4632926365097749 0.4638789017884662 0.47473488625877547 0.47149010860403795 94.55216
103 0.4676386565544204 0.48494169141820787 0.47369056260163184 0.48584118634591245 0.47798167368512057 0.46552531360944716 0.46378974064378137 0.4643577711193725 0.4702337057573469 0.47208713453578577 95.47344
104 0.47248718580425664 0.4849841772280413 0.4788029830091001 0.4860335417345886 0.4773000468695089 0.46873540746535963 0.462250594585114 0.46488832011688513 0.4675942444108423 0.4700262634222392 94.77408
105 0.4795383656215164 0.4850388965341179 0.4819005411288423 0.48685325732554857 0.47796728840000013 0.47188743443036524 0.4630148103319292 0.46441227248708733 0.4709429289345093 0.4699860576938209 95.54896000000001
106 0.47489853395838116 0.4856658995716801 0.4872555822071741 0.48595929381639336 0.47798811081704146 0.4704863365683184 0.4645570409250104 0.4644808238075313 0.47240644854825087 0.4705883868952483 94.84192
107 0.47982465051162304 0.4851272902259713 0.48743521839928555 0.4856192715579546 0.4769833458337238 0.47134593552835424 0.46289176921577857 0.4633928898054539 0.47338974141955803 0.47234943789662887 95.74464
108 0.4808161818622774 0.4849836307464843 0.48654181541269154 0.4858736637752369 0.4778546172351257 0.47201557925354176 0.46622678844067506 0.46548610655357825 0.47279527468351296 0.47100174956616403 94.46096
109 0.47649750264364005 0.48523056327525016 0.48769727587621775 0.48582026990234517 0.47806246080443593 0.4707304964209348 0.4641229363935352 0.46357961260058644 0.46966761622269065 0.47165772187290267 94.77328
110 0.47978961893961136 0.48529100669028274 0.487612978062005 0.4868933735409068 0.47789203737241504 0.4684069857821031 0.4651020715872427 0.46630857171813767 0.47336363523677577 0.46943174675442884 94.50032
111 0.4801102449824826 0.48554858408655005 0.4878007951212428 0.48562820897982417 0.4779560539190614 0.4712116746205537 0.4658231019733962 0.46399646424915447 0.4706347878826153 0.4709798366375101 95.45664000000001
112 0.48051057984035817 0.4848817797252721 0.4870236324145528 0.48615721996707956 0.47772086630767396 0.47403839976312345 0.46333860876118105 0.4642620199138243 0.47114770704175923 0.47115214143667816 94.50352
113 0.48045807235661975 0.4853431658431383 0.48632565875074274 0.48724577890729537 0.47794586233636543 0.47004667605059575 0.46830706827227087 0.4642838567325252 0.4706279375144773 0.46803627744611903 95.45664
114 0.4809823621879676 0.4853445866149942 0.48681723741311755 0.48699025775636834 0.47790206130758545 0.47568207506565424 0.4650046259902213 0.46455598428443184 0.4719393515526605 0.4713357184565945 94.77408
115 0.4798460801117547 0.48510031007613585 0.48779470958976046 0.48670524500651574 0.4775068065385901 0.47368509147410226 0.46524964587031226 0.46475286850343417 0.47107618995453193 0.4694899734548394 95.17968
116 0.48081674441526656 0.4843048478061634 0.48775614227713643 0.48640848770234735 0.47757515675625833 0.4699760746245343 0.46624992883779914 0.4648674588137258 0.47246062194054667 0.4682785150111256 94.41647999999999
117 0.4809780004402835 0.4849364155610021 0.4877659691098649 0.4867383196165136 0.477935372561522 0.47144403774976984 0.46592462590514677 0.46494067526801125 0.4710256051841615 0.4720252821839967 95.67456
118 0.48073631672767203 0.48541174691472433 0.4877375976837262 0.48701272700748854 0.47786954602536375 0.47194746105800656 0.4675951068856733 0.46505227500162133 0.47244109453103944 0.4711763252786874 94.76848
119 0.48070326724654205 0.48538940291025523 0.4879688561643108 0.4863453935027481 0.47794541195875906 0.47327552825705743 0.4675085066642793 0.4650282113862241 0.47149801196595265 0.4719017311457009 94.50032
120 0.4803070606850372 0.48513750401370803 0.48889475120501874 0.4868261102058199 0.477398894516023 0.47095774904025567 0.46551369294275735 0.4651779253949878 0.4720480503549831 0.47257077807822157 94.50032
121 0.4809460915556648 0.48493840516732456 0.4877068582615227 0.48701340470616766 0.47808722119159003 0.4730428983419218 0.46673925012625217 0.46608542228896577 0.4710967414786952 0.4722462642112129 95.48608
122 0.48107375778390526 0.48462798736921564 0.4875855407583961 0.4882264056154849 0.4777712073344304 0.4735193851447997 0.4654931414966419 0.46624266107721485 0.4712817604925577 0.47185882562966935 94.50352
123 0.48079180685578204 0.4853683884305404 0.4875743242180085 0.48672748850439557 0.4777637410482868 0.47281983780111125 0.46641584046372087 0.4663320245372983 0.4718233491776529 0.47000306674466413 94.77792
124 0.4811380048361934 0.485151007833716 0.48651038894996534 0.48693492648222275 0.47780278650528396 0.47413894842223986 0.46887272390559454 0.4648596284397974 0.4723190867567893 0.47299311121176035 95.77152000000001
125 0.48126902593358245 0.4852566265993489 0.4879387146771277 0.4868104030457784 0.47808785508552726 0.47084856856104734 0.47050377868169957 0.4663405475397546 0.472501777515977 0.47021805658853716 94.77408
126 0.48128941029948424 0.48554754771879144 0.48801715257661177 0.48675800234552774 0.4779741633775799 0.47092360269779965 0.46917759321186014 0.4667689206462202 0.47289050071138566 0.4677983866809517 95.78816
127 0.480669514094222 0.4851662081132557 0.48783427007980673 0.48671743216538854 0.47781078828945395 0.47333867252612244 0.4694271940340784 0.46574301585369465 0.47368231428578716 0.4718159208369682 95.6072
128 0.48101218832742587 0.48466887877278275 0.4875794110691479 0.4869976849533478 0.47756482485541885 0.4738697921736652 0.47085206405995195 0.46511230892009114 0.4729743685072889 0.46954761364384234 94.48656
129 0.48082448437876824 0.4848791276927364 0.4874465501520066 0.48694133033870446 0.4773886578597952 0.4709126655440696 0.4687070391140144 0.4639384831865673 0.47218951308007157 0.4666272092079358 95.63648
130 0.4810071198326557 0.48538442238412566 0.48779107646161013 0.48822238877367263 0.47881696130495666 0.47056706581668517 0.47038829328994236 0.4659994435889778 0.47189126232078227 0.47001158561161804 95.51712
1 -0.3411440316867227 -0.23959303793840514 -0.3390729293814927 -0.37374165995022707 -0.3094648578032163 -0.31793955911031946 -0.34528371543341396 -0.33986557547876683 -0.245035116809785 -0.2672242456259779 -3.733280000000001
2 -0.3178390054474668 -0.27514530864136383 -0.25667586515063257 -0.3335246343714195 -0.28139579259979486 -0.293946418792072 -0.3068126812186762 -0.25801909647658 -0.28605931114342964 -0.2318705510724407 -3.2819200000000004